Sample size N: 100000
mean: 49.88945
stdev: 28.90261
