Sample size N: 10000
mean: 49.86704
stdev: 28.96244
