mean: 49.97824
stdev: 28.80385
