Sample size N: 100000
mean: 49.79408
stdev: 28.86233
