mean: 49.90943
stdev: 28.86040
