mean: 49.95344
stdev: 28.95585
