Sample size N: 1000
mean: 49.97266
stdev: 28.86626
