Sample size N: 100000
mean: 49.99933
stdev: 28.86751
