Sample size N: 10000
mean: 49.64657
stdev: 28.86918
