Sample size N: 1000
mean: 49.39940
stdev: 30.05056
