mean: 49.90313
stdev: 28.87853
